238
667
253
410
284
611
386
522
690
338
735
719
325
659
50
752
595
932
369
459
743
57
219
137
132
644
830
746
158
632
567
399
647
126
639
780
802
299
282
371
145
933
252
593
176
618
869
607
771
828
68
673
738
275
651
81
74
791
136
884
297
630
771
678
46
861
662
820
698
995
805
884
380
660
467
779
338
465
159
566
522
882
469
925
878
344
747
981
923
169
655
662
124
319
742
855
181
653
961
506
965
689
141
429
305
943
316
594
835
421
17
717
713
865
587
561
351
10
714
983
800
418
769
371
960
808
708
358
669
511
734
540
194
119
563
596
160
12
414
822
643
903
117
855
449
592
609
321
37
408
301
623
169
311
395
935
830
282
128
813
216
516
927
753
281
325
744
907
589
445
262
569
976
750
892
397
108
984
833
125
932
683
300
558
850
58
502
152
430
870
200
375
51
806
643
68
345
729
268
501
444
490
519
709
796
898
182
675
161
624
524
517
573
413
62
261
296
281
796
430
988
362
813
820
75
650
349
692
148
311
938
615
184
293
734
843
53
577
151
824
80
689
464
427
279
740
344
492
797
927
828
524
304
653
825
512
904
183
353
633
168
603
209
472
899
552
106
283
671
204
973
493
381
636
934
202
641
687
958
573
297
540
157
265
813
266
917
5
177
808
253
392
644
304
629
79
110
8
649
993
556
372
831
902
512
928
254
667
742
831
465
363
984
76
369
364
766
873
728
156
453
175
708
26
818
125
564
453
193
8
877
978
937
521
334
572
948
958
899
31
270
370
742
814
695
800
997
443
757
985
263
2
752
914
395
545
719
351
887
406
594
211
209
697
572
871
911
142
589
218
593
146
485
75
201
792
275
506
661
446
828
717
414
903
768
356
841
851
905
756
900
720
249
189
565
959
423
932
703
1
660
100
812
696
79
709
273
554
780
420
383
633
324
237
803
523
267
758
183
972
717
679
219
167
19
828
556
816
22
782
823
688
744
444
600
445
450
569
972
503
554
63
340
435
834
297
514
94
523
201
267
832
203
954
957
122
304
932
229
163
967
953
802
914
786
281
518
82
115
25
98
523
971
219
408
641
881
401
241
610
277
230
573
674
919
157
670
119
62
335
10
282
877
423
509
721
615
661
388
842
910
856
882
807
233
943
357
45
978
851
706
976
27
828
846
234
673
599
379
75
832
741
920
403
62
657
973
164
662
377
890
970
320
545
412
214
185
807
609
932
260
478
786
475
662
745
308
913
69
664
650
632
660
201
873
22
248
752
919
650
879
232
620
627
715
845
186
660
740
128
568
806
727
977
115
1
404
51
586
769
835
915
884
950
869
965
101
343
821
369
822
496
463
300
143
546
326
451
998
45
115
2
725
857
931
753
683
498
602
355
179
902
111
416
139
158
68
798
292
277
435
645
597
571
170
86
602
248
466
827
85
289
370
986
946
840
415
599
28
504
256
792
248
892
856
32
278
89
125
230
370
701
484
881
966
901
631
988
54
575
887
866
893
321
851
550
48
172
216
642
221
390
210
959
569
367
501
580
574
582
225
891
551
345
353
248
822
243
195
515
259
426
572
923
378
969
23
256
437
506
401
493
515
416
297
364
545
876
224
326
614
797
247
669
972
796
139
868
240
312
167
46
675
610
981
823
620
664
963
757
875
750
294
281
198
34
511
476
789
931
409
977
167
61
857
259
243
573
215
114
950
309
536
802
949
541
17
364
263
590
817
568
30
613
340
301
943
734
916
567
792
641
927
803
82
760
142
989
566
891
7
496
212
653
487
90
443
318
171
315
989
981
306
198
830
226
201
833
395
947
68
26
289
489
126
162
250
946
478
126
594
632
295
186
900
437
304
976
772
536
920
446
509
131
181
406
792
845
345
395
257
644
37
861
30
500
654
181
937
844
812
231
984
50
366
925
536
833
2
101
484
698
977
559
394
619
485
107
589
104
143
842
607
458
628
800
32
937
98
583
316
122
683
251
592
272
138
719
303
110
864
536
72
800
975
141
946
638
165
615
441
359
6
257
558
552
548
627
15
480
224
753
136
898
25
925
855
280
210
357
127
678
602
551
359
111
247
336
507
448
503
840
302
308
101
836
975
511
881
470
229
56
598
815
591
890
903
464
110
324
533
857
277
571
324
154
358
592
133
370
225
143
958
457
402
633
297
360
168
956
860
975
401
875
552
641
771
987
728
38
604
43
765
622
839
86
267
398
55
235
14
995
579
56
413
653
302
466
89
911
732
584
629
237
662
869
49
944
313
806
