Tablica poczatkowa:
88
735
510
956
961
93
830
582
218
232
503
845
780
462
958
647
734
833
402
421
900
395
702
780
139
385
498
135
511
173
626
215
38
347
726
902
480
552
229
517
216
829
356
47
654
633
576
86
855
677
182
577
791
564
486
80
435
433
944
315
810
351
234
388
190
575
874
224
37
754
343
595
424
659
883
736
337
713
638
925
839
200
290
623
896
893
873
274
125
306
932
128
513
874
698
216
73
10
844
882
66
411
290
287
199
278
130
877
875
139
593
781
610
6
831
741
413
487
807
724
616
210
332
930
129
916
168
871
946
63
786
376
438
233
885
615
799
27
722
99
355
18
121
524
803
82
59
115
286
44
795
382
93
172
764
906
469
202
631
99
427
716
721
882
748
926
200
442
273
700
602
12
512
167
444
820
238
961
506
157
832
233
732
636
887
961
175
733
682
593
183
772
739
944
254
637
804
322
748
559
501
999
815
314
329
730
488
117
12
6
477
894
858
148
808
563
87
315
291
397
430
791
269
785
470
148
492
759
78
873
669
127
110
423
126
304
672
526
570
441
687
977
663
358
321
940
694
437
456
699
365
454
457
83
648
564
307
316
652
33
435
984
355
94
623
637
412
454
671
520
688
335
17
132
120
791
153
289
459
175
831
302
508
915
308
564
242
293
308
396
499
496
627
220
574
832
435
241
398
457
371
441
690
673
732
121
459
202
553
716
214
217
32
556
651
443
659
980
399
933
176
746
476
516
690
17
987
500
804
468
441
822
385
455
687
528
869
851
905
522
70
53
381
354
393
46
3
518
977
987
54
50
970
53
551
296
319
91
591
68
521
961
318
954
333
243
927
676
854
770
419
845
399
934
513
78
375
954
240
395
207
512
189
223
754
1
147
918
882
654
704
820
581
233
658
665
892
176
724
522
446
252
319
287
84
452
807
377
338
408
376
61
828
189
389
610
198
151
570
711
254
979
647
192
991
233
174
374
671
922
11
65
745
268
318
261
353
53
162
601
820
333
940
512
460
433
525
695
219
257
663
898
81
991
453
506
533
837
117
993
656
113
842
354
996
186
487
54
170
134
215
624
153
135
519
2
183
335
780
227
469
536
185
599
636
614
766
4
539
80
580
196
647
668
980
594
722
686
182
699
430
328
828
789
77
251
273
583
40
500
458
740
229
405
500
547
67
19
784
180
910
861
809
24
769
741
146
608
170
205
518
95
775
978
986
584
255
480
771
970
880
485
928
439
299
321
749
574
546
954
303
525
301
66
654
848
543
290
710
358
909
799
411
68
998
41
325
475
394
29
972
351
492
81
275
218
963
253
831
603
422
295
600
953
223
36
825
250
604
646
571
419
18
91
816
455
397
887
531
87
814
994
36
242
253
209
273
865
575
194
747
662
611
578
452
521
335
397
406
195
634
47
103
472
522
289
905
800
94
422
82
12
107
729
274
663
8
457
771
429
681
280
282
179
91
140
509
892
114
434
943
999
89
633
860
371
901
525
226
751
739
611
156
307
478
797
396
601
899
235
153
748
690
518
217
218
888
329
384
386
937
443
504
3
672
191
999
703
918
915
764
108
399
730
932
38
767
783
728
698
991
479
817
531
259
646
658
204
864
650
888
110
392
955
820
200
391
59
287
486
773
753
560
689
354
679
382
599
663
976
710
919
375
514
280
336
620
388
307
147
830
850
429
152
113
919
568
544
99
206
193
882
212
700
719
187
32
138
279
674
608
881
320
646
508
758
833
913
682
15
207
752
814
460
69
315
334
429
861
930
588
823
896
690
292
412
630
21
387
674
209
510
828
203
657
556
806
944
282
298
563
334
373
360
359
398
400
730
823
318
971
266
258
745
293
233
72
177
245
937
804
466
565
40
681
32
880
656
512
891
216
279
752
808
824
977
891
772
156
476
305
322
934
80
684
770
690
802
212
16
444
914
798
184
949
148
451
255
287
752
569
68
138
795
869
718
299
753
822
716
978
356
849
887
211
615
210
496
237
864
916
99
649
12
756
625
990
856
375
243
907
409
182
848
930
628
849
87
195
45
794
347
596
831
972
337
771
778
375
892
928
555
878
377
602
522
62
27
841
364
271
858
81
464
552
918
827
147
359
485
545
46
374
316
420
182
98
933
414
306
26
176
154
594
734
940
772
350
507
950
251
753
830
442
903
337
449
763
964
104
51
674
451
414
554
881
155
33
394
830
802
419
108
765
77
636
247
879
585
839
516
913
390
55
384
464
130
326
79
639
700
192
812
398
439
639
253
593
216
238
